172		
180		
160		
175		
176		
165		
154		
161		
165		
163		
167		
173		
175		
168		
167		
178		
160		
167		
174		
104		
176		
167		
175		
154		
160		
173		
176		
174		
180		
170		
87		
174		
187		
160		
173		
160		
169		
157		
161		
120		
164		
180		
170		
163		
185		
154		
156		
153		
174		
177		
171		
174		
173		
186		
163		
159		
177		
172		
162		
168		
180		
172		
167		
168		
180		
179		
181		
154		
163		
170		
174		
180		
181		
163		
181		
158		
169		
157		
167		
173		
170		
171		
180		
177		
173		
189		
165		
165		
171		
158		
175		
157		
150		
165		
165		
156		
157		
167		
173		
158		
158		
166		
164		
174		
184		
160		
178		
174		
163		
164		
178		
169		
176		
181		
182		
176		
160		
105		
165		
170		
156		
168		
168		
167		
172		
156		
169		
180		
173		
170		
180		
170		
155		
173		
165		
160		
165		
174		
178		
175		
170		
167		
172		
165		
175		
173		
165		
182		
156		
164		
170		
184		
163		
182		
160		
169		
175		
164		
177		
174		
180		
156		
155		
160		
168		
158		
150		
162		
174		
158		
174		
171		
160		
180		
175		
170		
180		
160		
164		
163		
150		
181		
159		
172		
185		
169		
150		
152		
188		
160		
173		
158		
155		
157		
168		
169		
169		
180		
168		
176		
178		
170		
164		
170		
178		
172		
181		
168		
160		
160		
159		
150		
160		
155		
158		
170		
163		
168		
156		
167		
154		
