26.5
29
23.5
27.5
27.5
25
23
24.5
25
23.5
26
25.5
26.5
27
26
28.5
24
25
28.5
27
27.5
26.5
27
23
23.5
26
29.5
27.5
27
26.5
29
27
30
25
25.5
23.5
23.5
23.5
25
23
25.5
26
26.5
24.5
27.5
23.5
24.5
23.5
25
25
27.5
26.5
28
29.5
27
24.5
25
25.5
23.5
23.5
28
26.5
27
27.5
27.5
27
25.5
23.5
24.5
26.5
26.5
27.5
28
24.5
26.5
23.5
24
23.5
24.5
27.5
26
26
27
27
28
29
24.5
25
27
24.5
27.5
26
23.5
25
26
22.5
24
26.5
27
23.5
24
25
25
28
29.5
24.5
28.5
26
25.5
26
26.5
24.5
28
29
30
28
24
23
24.5
27.5
24
25
24
25.5
27.5
25
25.5
27.5
25.5
25
26
26.5
23.5
28
25
23
25
27.5
27
27.5
25
22.5
26
25.5
28
27
25.5
29
23.5
27
27.5
28
26.5
28
23.5
26.5
27.5
24.5
29
24
28.5
23.5
24
26
26
24.5
23
25
26
25
28
26.5
25
27
29
27
27.5
23.5
26
27
24
28.5
23.5
27
30
25.5
23.5
23
30
25
30
25.5
24
23.5
26.5
28.5
27.5
29.5
24.5
29
26
25
24
27.5
27
27
28
25.5
24
25.5
25.5
22.5
25.5
23
23
27
24
26
24
27
24.5
